Results index;Item number;Element number;Type;Group;Filler1;Filler2;Det;Noun;Case;Sent_id;Sentence;probability
7;108;2;stimul;1;NULL;NULL;pldet;plnoun;acc;1;Вася взял наши длинный и короткий шланги для полива собственного сада.;
1;61;2;stimul;1;NULL;NULL;pldet;plnoun;acc;2;Сергей раскритиковал мои индивидуальный и групповой подходы после школьного открытого урока.;
3;62;2;stimul;1;NULL;NULL;pldet;plnoun;acc;3;Олег использовал свои депозитный и кредитный договоры для контроля банковских операций.;
9;63;2;stimul;1;NULL;NULL;pldet;plnoun;acc;4;Коля рассмотрел эти древний и современный экспонаты на выставке европейского искусства.;
1;112;2;stimul;1;NULL;NULL;pldet;plnoun;acc;5;Костя опубликовал наши простой и сложный рецепты в своем кулинарном блоге.;
3;113;2;stimul;1;NULL;NULL;pldet;plnoun;acc;6;Антон отметил мои практический и теоретический методы для проведения учебного семинара.;
2;66;2;stimul;1;NULL;NULL;pldet;plnoun;acc;7;Володя отправил свои карандашный и акварельный рисунки на конкурс талантливых иллюстраторов.;
4;67;2;stimul;1;NULL;NULL;pldet;plnoun;acc;8;Семен выучил эти прямой и боковой удары на курсах рукопашного боя.;
51;68;2;stimul;1;NULL;NULL;pldet;plnoun;acc;9;Федя использовал наши острый и пряный соусы при готовке жареного мяса.;
1;69;2;stimul;1;NULL;NULL;pldet;plnoun;acc;10;Андрей установил мои аналоговый и цифровой приборы для измерения динамических параметров.;
3;70;2;stimul;1;NULL;NULL;pldet;plnoun;acc;11;Петр выдвинул свои социальный и политический лозунги на недавнем районном митинге.;
51;119;2;stimul;1;NULL;NULL;pldet;plnoun;acc;12;Филипп изучил эти горный и равнинный пейзажи за время длительного путешествия.;
1;120;2;stimul;1;NULL;NULL;pldet;plnoun;acc;13;Саша съел наши фруктовый и овощной салаты на праздничном семейном застолье.;
3;121;2;stimul;1;NULL;NULL;pldet;plnoun;acc;14;Дима проигнорировал мои белковый и масляный кремы при украшении самодельных пирожных.;
2;74;2;stimul;1;NULL;NULL;pldet;plnoun;acc;15;Эдуард представил свои комедийный и драматический фильмы на известном международном фестивале.;
4;75;2;stimul;1;NULL;NULL;pldet;plnoun;acc;16;Егор купил эти моющий и дезинфицирующий растворы для проведения генеральной уборки.;
51;188;2;stimul;2;NULL;NULL;pldet;plnoun;acc;17;Игорь вколол наши первый и второй компоненты во избежание заболевания коронавирусом.;
1;189;2;stimul;2;NULL;NULL;pldet;plnoun;acc;18;Никита позаимствовал мои пихтовый и пчелиный бальзамы при лечении больных суставов.;
4;238;2;stimul;2;NULL;NULL;pldet;plnoun;acc;19;Глеб дал свои устный и письменный ответы на телевизионном интеллектуальном конкурсе.;
9;191;2;stimul;2;NULL;NULL;pldet;plnoun;acc;20;Илья завязал эти марлевый и эластичный бинты для фиксации поврежденной руки.;
1;240;2;stimul;2;NULL;NULL;pldet;plnoun;acc;21;Алексей упомянул наши квартальный и годовой отчеты на итоговом рабочем совещании.;
3;241;2;stimul;2;NULL;NULL;pldet;plnoun;acc;22;Вячеслав обдумал мои устный и стендовый доклады в свете актуальных проблем.;
2;194;2;stimul;2;NULL;NULL;pldet;plnoun;acc;23;Валерий провел свои архитектурный и инженерный расчеты для нового строящегося объекта.;
4;195;2;stimul;2;NULL;NULL;pldet;plnoun;acc;24;Ваня примерил эти синий и коричневый костюмы в магазине свадебной одежды.;
19;196;2;stimul;2;NULL;NULL;pldet;plnoun;acc;25;Кирилл исследовал наши московский и петербургский театры для выполнения проектной работы.;
1;197;2;stimul;2;NULL;NULL;pldet;plnoun;acc;26;Захар выслушал мои детский и подростковый рассказы на конкурсе молодых писателей.;
3;198;2;stimul;2;NULL;NULL;pldet;plnoun;acc;27;Паша развернул свои напечатанный и нарисованный плакаты перед всеми остальными одноклассниками.;
9;199;2;stimul;2;NULL;NULL;pldet;plnoun;acc;28;Григорий одолел эти региональный и международный проекты для решения экономических задач.;
23;200;2;stimul;2;NULL;NULL;pldet;plnoun;acc;29;Виталик распланировал наши будний и выходной дни для плодотворного совместного досуга.;
7;201;2;stimul;2;NULL;NULL;pldet;plnoun;acc;30;Женя нанёс мои цветочный и медовый гели после тяжелого рабочего дня.;
2;202;2;stimul;2;NULL;NULL;pldet;plnoun;acc;31;Анатолий настроил свои новый и старый измерители для сравнения полученных показаний.;
4;203;2;stimul;2;NULL;NULL;pldet;plnoun;acc;32;Родион приобрел эти российский и иностранный автомобили для своей большой семьи.;
2;92;2;stimul;1;NULL;NULL;pldet;sgnoun;acc;1;Вася взял наши длинный и короткий шланг для полива собственного сада.;
4;93;2;stimul;1;NULL;NULL;pldet;sgnoun;acc;2;Сергей раскритиковал мои индивидуальный и групповой подход после школьного открытого урока.;
19;94;2;stimul;1;NULL;NULL;pldet;sgnoun;acc;3;Олег использовал свои депозитный и кредитный договор для контроля банковских операций.;
1;95;2;stimul;1;NULL;NULL;pldet;sgnoun;acc;4;Коля рассмотрел эти древний и современный экспонат на выставке европейского искусства.;
3;96;2;stimul;1;NULL;NULL;pldet;sgnoun;acc;5;Костя опубликовал наши простой и сложный рецепт в своем кулинарном блоге.;
9;97;2;stimul;1;NULL;NULL;pldet;sgnoun;acc;6;Антон отметил мои практический и теоретический метод для проведения учебного семинара.;
23;98;2;stimul;1;NULL;NULL;pldet;sgnoun;acc;7;Володя отправил свои карандашный и акварельный рисунок на конкурс талантливых иллюстраторов.;
7;99;2;stimul;1;NULL;NULL;pldet;sgnoun;acc;8;Семен выучил эти прямой и боковой удар на курсах рукопашного боя.;
2;100;2;stimul;1;NULL;NULL;pldet;sgnoun;acc;9;Федя использовал наши острый и пряный соус при готовке жареного мяса.;
4;101;2;stimul;1;NULL;NULL;pldet;sgnoun;acc;10;Андрей установил мои аналоговый и цифровой прибор для измерения динамических параметров.;
19;102;2;stimul;1;NULL;NULL;pldet;sgnoun;acc;11;Петр выдвинул свои социальный и политический лозунг на недавнем районном митинге.;
1;103;2;stimul;1;NULL;NULL;pldet;sgnoun;acc;12;Филипп изучил эти горный и равнинный пейзаж за время длительного путешествия.;
3;104;2;stimul;1;NULL;NULL;pldet;sgnoun;acc;13;Саша съел наши фруктовый и овощной салат на праздничном семейном застолье.;
9;105;2;stimul;1;NULL;NULL;pldet;sgnoun;acc;14;Дима проигнорировал мои белковый и масляный крем при украшении самодельных пирожных.;
23;106;2;stimul;1;NULL;NULL;pldet;sgnoun;acc;15;Эдуард представил свои комедийный и драматический фильм на известном международном фестивале.;
7;107;2;stimul;1;NULL;NULL;pldet;sgnoun;acc;16;Егор купил эти моющий и дезинфицирующий раствор для проведения генеральной уборки.;
2;220;2;stimul;2;NULL;NULL;pldet;sgnoun;acc;17;Игорь вколол наши первый и второй компонент во избежание заболевания коронавирусом.;
4;221;2;stimul;2;NULL;NULL;pldet;sgnoun;acc;18;Никита позаимствовал мои пихтовый и пчелиный бальзам при лечении больных суставов.;
19;222;2;stimul;2;NULL;NULL;pldet;sgnoun;acc;19;Глеб дал свои устный и письменный ответ на телевизионном интеллектуальном конкурсе.;
1;223;2;stimul;2;NULL;NULL;pldet;sgnoun;acc;20;Илья завязал эти марлевый и эластичный бинт для фиксации поврежденной руки.;
3;224;2;stimul;2;NULL;NULL;pldet;sgnoun;acc;21;Алексей упомянул наши квартальный и годовой отчет на итоговом рабочем совещании.;
9;225;2;stimul;2;NULL;NULL;pldet;sgnoun;acc;22;Вячеслав обдумал мои устный и стендовый доклад в свете актуальных проблем.;
23;226;2;stimul;2;NULL;NULL;pldet;sgnoun;acc;23;Валерий провел свои архитектурный и инженерный расчет для нового строящегося объекта.;
7;227;2;stimul;2;NULL;NULL;pldet;sgnoun;acc;24;Ваня примерил эти синий и коричневый костюм в магазине свадебной одежды.;
2;228;2;stimul;2;NULL;NULL;pldet;sgnoun;acc;25;Кирилл исследовал наши московский и петербургский театр для выполнения проектной работы.;
4;229;2;stimul;2;NULL;NULL;pldet;sgnoun;acc;26;Захар выслушал мои детский и подростковый рассказ на конкурсе молодых писателей.;
19;230;2;stimul;2;NULL;NULL;pldet;sgnoun;acc;27;Паша развернул свои напечатанный и нарисованный плакат перед всеми остальными одноклассниками.;
1;231;2;stimul;2;NULL;NULL;pldet;sgnoun;acc;28;Григорий одолел эти региональный и международный проект для решения экономических задач.;
4;152;2;stimul;2;NULL;NULL;pldet;sgnoun;acc;29;Виталик распланировал наши будний и выходной день для плодотворного совместного досуга.;
19;153;2;stimul;2;NULL;NULL;pldet;sgnoun;acc;30;Женя нанёс мои цветочный и медовый гель после тяжелого рабочего дня.;
1;154;2;stimul;2;NULL;NULL;pldet;sgnoun;acc;31;Анатолий настроил свои новый и старый измеритель для сравнения полученных показаний.;
1;171;2;stimul;2;NULL;NULL;pldet;sgnoun;acc;32;Родион приобрел эти российский и иностранный автомобиль для своей большой семьи.;
7;108;2;stimul;1;NULL;NULL;sgdet;plnoun;acc;1;Вася взял наш длинный и короткий шланги для полива собственного сада.;
1;61;2;stimul;1;NULL;NULL;sgdet;plnoun;acc;2;Сергей раскритиковал мой индивидуальный и групповой подходы после школьного открытого урока.;
3;62;2;stimul;1;NULL;NULL;sgdet;plnoun;acc;3;Олег использовал свой депозитный и кредитный договоры для контроля банковских операций.;
9;63;2;stimul;1;NULL;NULL;sgdet;plnoun;acc;4;Коля рассмотрел этот древний и современный экспонаты на выставке европейского искусства.;
1;112;2;stimul;1;NULL;NULL;sgdet;plnoun;acc;5;Костя опубликовал наш простой и сложный рецепты в своем кулинарном блоге.;
3;113;2;stimul;1;NULL;NULL;sgdet;plnoun;acc;6;Антон отметил мой практический и теоретический методы для проведения учебного семинара.;
3;113;2;stimul;1;NULL;NULL;sgdet;plnoun;acc;7;Володя отправил свой карандашный и акварельный рисунки на конкурс талантливых иллюстраторов.;
4;67;2;stimul;1;NULL;NULL;sgdet;plnoun;acc;8;Семен выучил этот прямой и боковой удары на курсах рукопашного боя.;
51;68;2;stimul;1;NULL;NULL;sgdet;plnoun;acc;9;Федя использовал наш острый и пряный соусы при готовке жареного мяса.;
1;69;2;stimul;1;NULL;NULL;sgdet;plnoun;acc;10;Андрей установил мой аналоговый и цифровой приборы для измерения динамических параметров.;
3;70;2;stimul;1;NULL;NULL;sgdet;plnoun;acc;11;Петр выдвинул свой социальный и политический лозунги на недавнем районном митинге.;
51;119;2;stimul;1;NULL;NULL;sgdet;plnoun;acc;12;Филипп изучил этот горный и равнинный пейзажи за время длительного путешествия.;
1;120;2;stimul;1;NULL;NULL;sgdet;plnoun;acc;13;Саша съел наш фруктовый и овощной салаты на праздничном семейном застолье.;
3;121;2;stimul;1;NULL;NULL;sgdet;plnoun;acc;14;Дима проигнорировал мой белковый и масляный кремы при украшении самодельных пирожных.;
2;74;2;stimul;1;NULL;NULL;sgdet;plnoun;acc;15;Эдуард представил свой комедийный и драматический фильмы на известном международном фестивале.;
4;75;2;stimul;1;NULL;NULL;sgdet;plnoun;acc;16;Егор купил этот моющий и дезинфицирующий растворы для проведения генеральной уборки.;
51;188;2;stimul;2;NULL;NULL;sgdet;plnoun;acc;17;Игорь вколол наш первый и второй компоненты во избежание заболевания коронавирусом.;
1;189;2;stimul;2;NULL;NULL;sgdet;plnoun;acc;18;Никита позаимствовал мой пихтовый и пчелиный бальзамы при лечении больных суставов.;
4;238;2;stimul;2;NULL;NULL;sgdet;plnoun;acc;19;Глеб дал свой устный и письменный ответы на телевизионном интеллектуальном конкурсе.;
9;191;2;stimul;2;NULL;NULL;sgdet;plnoun;acc;20;Илья завязал этот марлевый и эластичный бинты для фиксации поврежденной руки.;
1;240;2;stimul;2;NULL;NULL;sgdet;plnoun;acc;21;Алексей упомянул наш квартальный и годовой отчеты на итоговом рабочем совещании.;
3;241;2;stimul;2;NULL;NULL;sgdet;plnoun;acc;22;Вячеслав обдумал мой устный и стендовый доклады в свете актуальных проблем.;
2;194;2;stimul;2;NULL;NULL;sgdet;plnoun;acc;23;Валерий провел свой архитектурный и инженерный расчеты для нового строящегося объекта.;
23;243;2;stimul;2;NULL;NULL;sgdet;plnoun;acc;24;Ваня примерил этот синий и коричневый костюмы в магазине свадебной одежды.;
7;244;2;stimul;2;NULL;NULL;sgdet;plnoun;acc;25;Кирилл исследовал наш московский и петербургский театры для выполнения проектной работы.;
2;245;2;stimul;2;NULL;NULL;sgdet;plnoun;acc;26;Захар выслушал мой детский и подростковый рассказы на конкурсе молодых писателей.;
4;246;2;stimul;2;NULL;NULL;sgdet;plnoun;acc;27;Паша развернул свой напечатанный и нарисованный плакаты перед всеми остальными одноклассниками.;
19;247;2;stimul;2;NULL;NULL;sgdet;plnoun;acc;28;Григорий одолел этот региональный и международный проекты для решения экономических задач.;
1;248;2;stimul;2;NULL;NULL;sgdet;plnoun;acc;29;Виталик распланировал наш будний и выходной дни для плодотворного совместного досуга.;
3;249;2;stimul;2;NULL;NULL;sgdet;plnoun;acc;30;Женя нанёс мой цветочный и медовый гели после тяжелого рабочего дня.;
9;250;2;stimul;2;NULL;NULL;sgdet;plnoun;acc;31;Анатолий настроил свой новый и старый измерители для сравнения полученных показаний.;
4;203;2;stimul;2;NULL;NULL;sgdet;plnoun;acc;32;Родион приобрел этот российский и иностранный автомобили для своей большой семьи.;
9;12;2;stimul;1;NULL;NULL;sgdet;sgnoun;acc;1;Вася взял наш длинный и короткий шланг для полива собственного сада.;
23;13;2;stimul;1;NULL;NULL;sgdet;sgnoun;acc;2;Сергей раскритиковал мой индивидуальный и групповой подход после школьного открытого урока.;
7;14;2;stimul;1;NULL;NULL;sgdet;sgnoun;acc;3;Олег использовал свой депозитный и кредитный договор для контроля банковских операций.;
2;15;2;stimul;1;NULL;NULL;sgdet;sgnoun;acc;4;Коля рассмотрел этот древний и современный экспонат на выставке европейского искусства.;
4;16;2;stimul;1;NULL;NULL;sgdet;sgnoun;acc;5;Костя опубликовал наш простой и сложный рецепт в своем кулинарном блоге.;
19;17;2;stimul;1;NULL;NULL;sgdet;sgnoun;acc;6;Антон отметил мой практический и теоретический метод для проведения учебного семинара.;
1;18;2;stimul;1;NULL;NULL;sgdet;sgnoun;acc;7;Володя отправил свой карандашный и акварельный рисунок на конкурс талантливых иллюстраторов.;
3;19;2;stimul;1;NULL;NULL;sgdet;sgnoun;acc;8;Семен выучил этот прямой и боковой удар на курсах рукопашного боя.;
9;20;2;stimul;1;NULL;NULL;sgdet;sgnoun;acc;9;Федя использовал наш острый и пряный соус при готовке жареного мяса.;
23;21;2;stimul;1;NULL;NULL;sgdet;sgnoun;acc;10;Андрей установил мой аналоговый и цифровой прибор для измерения динамических параметров.;
7;22;2;stimul;1;NULL;NULL;sgdet;sgnoun;acc;11;Петр выдвинул свой социальный и политический лозунг на недавнем районном митинге.;
2;23;2;stimul;1;NULL;NULL;sgdet;sgnoun;acc;12;Филипп изучил этот горный и равнинный пейзаж за время длительного путешествия.;
4;24;2;stimul;1;NULL;NULL;sgdet;sgnoun;acc;13;Саша съел наш фруктовый и овощной салат на праздничном семейном застолье.;
19;25;2;stimul;1;NULL;NULL;sgdet;sgnoun;acc;14;Дима проигнорировал мой белковый и масляный крем при украшении самодельных пирожных.;
1;26;2;stimul;1;NULL;NULL;sgdet;sgnoun;acc;15;Эдуард представил свой комедийный и драматический фильм на известном международном фестивале.;
3;27;2;stimul;1;NULL;NULL;sgdet;sgnoun;acc;16;Егор купил этот моющий и дезинфицирующий раствор для проведения генеральной уборки.;
9;140;2;stimul;2;NULL;NULL;sgdet;sgnoun;acc;17;Игорь вколол наш первый и второй компонент во избежание заболевания коронавирусом.;
23;141;2;stimul;2;NULL;NULL;sgdet;sgnoun;acc;18;Никита позаимствовал мой пихтовый и пчелиный бальзам при лечении больных суставов.;
7;142;2;stimul;2;NULL;NULL;sgdet;sgnoun;acc;19;Глеб дал свой устный и письменный ответ на телевизионном интеллектуальном конкурсе.;
2;143;2;stimul;2;NULL;NULL;sgdet;sgnoun;acc;20;Илья завязал этот марлевый и эластичный бинт для фиксации поврежденной руки.;
4;144;2;stimul;2;NULL;NULL;sgdet;sgnoun;acc;21;Алексей упомянул наш квартальный и годовой отчет на итоговом рабочем совещании.;
19;145;2;stimul;2;NULL;NULL;sgdet;sgnoun;acc;22;Вячеслав обдумал мой устный и стендовый доклад в свете актуальных проблем.;
1;146;2;stimul;2;NULL;NULL;sgdet;sgnoun;acc;23;Валерий провел свой архитектурный и инженерный расчет для нового строящегося объекта.;
3;147;2;stimul;2;NULL;NULL;sgdet;sgnoun;acc;24;Ваня примерил этот синий и коричневый костюм в магазине свадебной одежды.;
9;148;2;stimul;2;NULL;NULL;sgdet;sgnoun;acc;25;Кирилл исследовал наш московский и петербургский театр для выполнения проектной работы.;
23;149;2;stimul;2;NULL;NULL;sgdet;sgnoun;acc;26;Захар выслушал мой детский и подростковый рассказ на конкурсе молодых писателей.;
7;150;2;stimul;2;NULL;NULL;sgdet;sgnoun;acc;27;Паша развернул свой напечатанный и нарисованный плакат перед всеми остальными одноклассниками.;
2;151;2;stimul;2;NULL;NULL;sgdet;sgnoun;acc;28;Григорий одолел этот региональный и международный проект для решения экономических задач.;
4;152;2;stimul;2;NULL;NULL;sgdet;sgnoun;acc;29;Виталик распланировал наш будний и выходной день для плодотворного совместного досуга.;
19;153;2;stimul;2;NULL;NULL;sgdet;sgnoun;acc;30;Женя нанёс мой цветочный и медовый гель после тяжелого рабочего дня.;
1;154;2;stimul;2;NULL;NULL;sgdet;sgnoun;acc;31;Анатолий настроил свой новый и старый измеритель для сравнения полученных показаний.;
2;219;2;stimul;2;NULL;NULL;sgdet;sgnoun;acc;32;Родион приобрел этот российский и иностранный автомобиль для своей большой семьи.;
23;124;2;stimul;1;NULL;NULL;pldet;plnoun;instr;1;Вася воспользовался нашими длинным и коротким шлангами для полива собственного сада.;
7;125;2;stimul;1;NULL;NULL;pldet;plnoun;instr;2;Сергей возмутился моими индивидуальным и групповым подходами после школьного открытого урока.;
2;126;2;stimul;1;NULL;NULL;pldet;plnoun;instr;3;Олег воспользовался своими депозитным и кредитным договорами для контроля банковских операций.;
4;127;2;stimul;1;NULL;NULL;pldet;plnoun;instr;4;Коля восхитился этими древним и современным экспонатами на выставке европейского искусства.;
19;128;2;stimul;1;NULL;NULL;pldet;plnoun;instr;5;Костя поделился нашими простым и сложным рецептами в своем кулинарном блоге.;
1;129;2;stimul;1;NULL;NULL;pldet;plnoun;instr;6;Антон проникся моими практическим и теоретическим методами для проведения учебного семинара.;
3;130;2;stimul;1;NULL;NULL;pldet;plnoun;instr;7;Володя отметился своими карандашным и акварельным рисунками на конкурсе талантливых иллюстраторов.;
9;131;2;stimul;1;NULL;NULL;pldet;plnoun;instr;8;Семен овладел этими прямым и боковым ударами на курсах рукопашного боя.;
23;132;2;stimul;1;NULL;NULL;pldet;plnoun;instr;9;Федя злоупотребил нашими острым и пряным соусами при готовке жареного мяса.;
7;133;2;stimul;1;NULL;NULL;pldet;plnoun;instr;10;Андрей запасся моими аналоговым и цифровым приборами для измерения динамических параметров.;
2;134;2;stimul;1;NULL;NULL;pldet;plnoun;instr;11;Петр ограничился своими социальным и политическим лозунгами на недавнем районном митинге.;
4;135;2;stimul;1;NULL;NULL;pldet;plnoun;instr;12;Филипп насладился этими горным и равнинным пейзажами за время длительного путешествия.;
19;136;2;stimul;1;NULL;NULL;pldet;plnoun;instr;13;Саша объелся нашими фруктовым и овощным салатами на праздничном семейном застолье.;
1;137;2;stimul;1;NULL;NULL;pldet;plnoun;instr;14;Дима пренебрег моими белковым и масляным кремами при украшении самодельных пирожных.;
3;138;2;stimul;1;NULL;NULL;pldet;plnoun;instr;15;Эдуард прославился своими комедийным и драматическим фильмами на известном международном фестивале.;
9;139;2;stimul;1;NULL;NULL;pldet;plnoun;instr;16;Егор обзавелся этими моющим и дезинфицирующим растворами для проведения генеральной уборки.;
23;252;2;stimul;2;NULL;NULL;pldet;plnoun;instr;17;Игорь вакцинировался нашими первым и вторым компонентами во избежание заболевания коронавирусом.;
7;253;2;stimul;2;NULL;NULL;pldet;plnoun;instr;18;Никита натёрся моими пихтовым и пчелиным бальзамами при лечении больных суставов.;
2;254;2;stimul;2;NULL;NULL;pldet;plnoun;instr;19;Глеб порадовал своими устным и письменным ответами на телевизионном интеллектуальном конкурсе.;
4;255;2;stimul;2;NULL;NULL;pldet;plnoun;instr;20;Илья перевязался этими марлевым и эластичным бинтами для фиксации поврежденной руки.;
19;256;2;stimul;2;NULL;NULL;pldet;plnoun;instr;21;Алексей оперировал нашими квартальным и годовым отчетами на итоговом рабочем совещании.;
1;257;2;stimul;2;NULL;NULL;pldet;plnoun;instr;22;Вячеслав вдохновился моими устным и стендовым докладами в свете актуальных проблем.;
3;258;2;stimul;2;NULL;NULL;pldet;plnoun;instr;23;Валерий увлекся своими архитектурным и инженерным расчетами для нового строящегося объекта.;
9;259;2;stimul;2;NULL;NULL;pldet;plnoun;instr;24;Ваня залюбовался этими синим и коричневым костюмами в магазине свадебной одежды.;
23;260;2;stimul;2;NULL;NULL;pldet;plnoun;instr;25;Кирилл заинтересовался нашими московским и петербургским театрами для выполнения проектной работы.;
7;261;2;stimul;2;NULL;NULL;pldet;plnoun;instr;26;Захар воодушевился моими детским и подростковым рассказами на конкурсе молодых писателей.;
2;262;2;stimul;2;NULL;NULL;pldet;plnoun;instr;27;Паша помахал своими напечатанным и нарисованным плакатами перед всеми остальными одноклассниками.;
4;263;2;stimul;2;NULL;NULL;pldet;plnoun;instr;28;Григорий занялся этими региональным и международным проектами для решения экономических задач.;
19;264;2;stimul;2;NULL;NULL;pldet;plnoun;instr;29;Виталик распорядился нашими будним и выходным днями для плодотворного совместного досуга.;
1;265;2;stimul;2;NULL;NULL;pldet;plnoun;instr;30;Женя намылился моими цветочным и медовым гелями после тяжелого рабочего дня.;
3;266;2;stimul;2;NULL;NULL;pldet;plnoun;instr;31;Анатолий вооружился своими новым и старым измерителями для сравнения полученных показаний.;
13;267;2;stimul;2;NULL;NULL;pldet;plnoun;instr;32;Родион обзавелся этими российским и иностранным автомобилями для своей большой семьи.;
3;28;2;stimul;1;NULL;NULL;pldet;sgnoun;instr;1;Вася воспользовался нашими длинным и коротким шлангом для полива собственного сада.;
9;29;2;stimul;1;NULL;NULL;pldet;sgnoun;instr;2;Сергей возмутился моими индивидуальным и групповым подходом после школьного открытого урока.;
23;30;2;stimul;1;NULL;NULL;pldet;sgnoun;instr;3;Олег воспользовался своими депозитным и кредитным договором для контроля банковских операций.;
7;31;2;stimul;1;NULL;NULL;pldet;sgnoun;instr;4;Коля восхитился этими древним и современным экспонатом на выставке европейского искусства.;
2;32;2;stimul;1;NULL;NULL;pldet;sgnoun;instr;5;Костя поделился нашими простым и сложным рецептом в своем кулинарном блоге. ;
4;33;2;stimul;1;NULL;NULL;pldet;sgnoun;instr;6;Антон проникся моими практическим и теоретическим методом для проведения учебного семинара.;
19;34;2;stimul;1;NULL;NULL;pldet;sgnoun;instr;7;Володя отметился своими карандашным и акварельным рисунком на конкурсе талантливых иллюстраторов.;
1;35;2;stimul;1;NULL;NULL;pldet;sgnoun;instr;8;Семен овладел этими прямым и боковым ударом на курсах рукопашного боя.;
3;36;2;stimul;1;NULL;NULL;pldet;sgnoun;instr;9;Федя злоупотребил нашими острым и пряным соусом при готовке жареного мяса.;
9;37;2;stimul;1;NULL;NULL;pldet;sgnoun;instr;10;Андрей запасся моими аналоговым и цифровым прибором для измерения динамических параметров.;
23;38;2;stimul;1;NULL;NULL;pldet;sgnoun;instr;11;Петр ограничился своими социальным и политическим лозунгом на недавнем районном митинге.;
7;39;2;stimul;1;NULL;NULL;pldet;sgnoun;instr;12;Филипп насладился этими горным и равнинным пейзажем за время длительного путешествия.;
2;40;2;stimul;1;NULL;NULL;pldet;sgnoun;instr;13;Саша объелся нашими фруктовым и овощным салатом на праздничном семейном застолье.;
4;41;2;stimul;1;NULL;NULL;pldet;sgnoun;instr;14;Дима пренебрег моими белковым и масляным кремом при украшении самодельных пирожных.;
19;42;2;stimul;1;NULL;NULL;pldet;sgnoun;instr;15;Эдуард прославился своими комедийным и драматическим фильмом на известном международном фестивале.;
1;43;2;stimul;1;NULL;NULL;pldet;sgnoun;instr;16;Егор обзавелся этими моющим и дезинфицирующим раствором для проведения генеральной уборки.;
3;156;2;stimul;2;NULL;NULL;pldet;sgnoun;instr;17;Игорь вакцинировался нашими первым и вторым компонентом во избежание заболевания коронавирусом.;
9;157;2;stimul;2;NULL;NULL;pldet;sgnoun;instr;18;Никита натёрся моими пихтовым и пчелиным бальзамом при лечении больных суставов.;
23;158;2;stimul;2;NULL;NULL;pldet;sgnoun;instr;19;Глеб порадовал своими устным и письменным ответом на телевизионном интеллектуальном конкурсе.;
7;159;2;stimul;2;NULL;NULL;pldet;sgnoun;instr;20;Илья перевязался этими марлевым и эластичным бинтом для фиксации поврежденной руки.;
2;160;2;stimul;2;NULL;NULL;pldet;sgnoun;instr;21;Алексей оперировал нашими квартальным и годовым отчетом на итоговом рабочем совещании.;
4;161;2;stimul;2;NULL;NULL;pldet;sgnoun;instr;22;Вячеслав вдохновился моими устным и стендовым докладом в свете актуальных проблем.;
51;162;2;stimul;2;NULL;NULL;pldet;sgnoun;instr;23;Валерий увлекся своими архитектурным и инженерным расчетом для нового строящегося объекта.;
1;163;2;stimul;2;NULL;NULL;pldet;sgnoun;instr;24;Ваня залюбовался этими синим и коричневым костюмом в магазине свадебной одежды.;
3;164;2;stimul;2;NULL;NULL;pldet;sgnoun;instr;25;Кирилл заинтересовался нашими московским и петербургским театром для выполнения проектной работы.;
9;165;2;stimul;2;NULL;NULL;pldet;sgnoun;instr;26;Захар воодушевился моими детским и подростковым рассказом на конкурсе молодых писателей.;
23;166;2;stimul;2;NULL;NULL;pldet;sgnoun;instr;27;Паша помахал своими напечатанным и нарисованным плакатом перед всеми остальными одноклассниками.;
7;167;2;stimul;2;NULL;NULL;pldet;sgnoun;instr;28;Григорий занялся этими региональным и международным проектом для решения экономических задач.;
2;168;2;stimul;2;NULL;NULL;pldet;sgnoun;instr;29;Виталик распорядился нашими будним и выходным днем для плодотворного совместного досуга.;
4;169;2;stimul;2;NULL;NULL;pldet;sgnoun;instr;30;Женя намылился моими цветочным и медовым гелем после тяжелого рабочего дня.;
19;170;2;stimul;2;NULL;NULL;pldet;sgnoun;instr;31;Анатолий вооружился своими новым и старым измерителем для сравнения полученных показаний.;
28;171;2;stimul;2;NULL;NULL;pldet;sgnoun;instr;32;Родион обзавелся этими российским и иностранным автомобилем для своей большой семьи.;
1;44;2;stimul;1;NULL;NULL;sgdet;plnoun;instr;1;Вася воспользовался нашим длинным и коротким шлангами для полива собственного сада.;
3;45;2;stimul;1;NULL;NULL;sgdet;plnoun;instr;2;Сергей возмутился моим индивидуальным и групповым подходами после школьного открытого урока.;
9;46;2;stimul;1;NULL;NULL;sgdet;plnoun;instr;3;Олег воспользовался своим депозитным и кредитным договорами для контроля банковских операций.;
23;47;2;stimul;1;NULL;NULL;sgdet;plnoun;instr;4;Коля восхитился этим древним и современным экспонатами на выставке европейского искусства.;
7;48;2;stimul;1;NULL;NULL;sgdet;plnoun;instr;5;Костя поделился нашим простым и сложным рецептами в своем кулинарном блоге.;
2;49;2;stimul;1;NULL;NULL;sgdet;plnoun;instr;6;Антон проникся моим практическим и теоретическим методами для проведения учебного семинара.;
4;50;2;stimul;1;NULL;NULL;sgdet;plnoun;instr;7;Володя отметился своим карандашным и акварельным рисунками на конкурсе талантливых иллюстраторов.;
19;51;2;stimul;1;NULL;NULL;sgdet;plnoun;instr;8;Семен овладел этим прямым и боковым ударами на курсах рукопашного боя.;
1;52;2;stimul;1;NULL;NULL;sgdet;plnoun;instr;9;Федя злоупотребил нашим острым и пряным соусами при готовке жареного мяса.;
3;53;2;stimul;1;NULL;NULL;sgdet;plnoun;instr;10;Андрей запасся моим аналоговым и цифровым приборами для измерения динамических параметров.;
9;54;2;stimul;1;NULL;NULL;sgdet;plnoun;instr;11;Петр ограничился своим социальным и политическим лозунгами на недавнем районном митинге.;
23;55;2;stimul;1;NULL;NULL;sgdet;plnoun;instr;12;Филипп насладился этим горным и равнинным пейзажами за время длительного путешествия.;
7;56;2;stimul;1;NULL;NULL;sgdet;plnoun;instr;13;Саша объелся нашим фруктовым и овощным салатами на праздничном семейном застолье.;
2;57;2;stimul;1;NULL;NULL;sgdet;plnoun;instr;14;Дима пренебрег моим белковым и масляным кремами при украшении самодельных пирожных.;
4;58;2;stimul;1;NULL;NULL;sgdet;plnoun;instr;15;Эдуард прославился своим комедийным и драматическим фильмами на известном международном фестивале.;
19;59;2;stimul;1;NULL;NULL;sgdet;plnoun;instr;16;Егор обзавелся этим моющим и дезинфицирующим растворами для проведения генеральной уборки.;
1;172;2;stimul;2;NULL;NULL;sgdet;plnoun;instr;17;Игорь вакцинировался нашим первым и вторым компонентами во избежание заболевания коронавирусом.;
3;173;2;stimul;2;NULL;NULL;sgdet;plnoun;instr;18;Никита натёрся моим пихтовым и пчелиным бальзамами при лечении больных суставов.;
9;174;2;stimul;2;NULL;NULL;sgdet;plnoun;instr;19;Глеб порадовал своим устным и письменным ответами на телевизионном интеллектуальном конкурсе.;
23;175;2;stimul;2;NULL;NULL;sgdet;plnoun;instr;20;Илья перевязался этим марлевым и эластичным бинтами для фиксации поврежденной руки.;
7;176;2;stimul;2;NULL;NULL;sgdet;plnoun;instr;21;Алексей оперировал нашим квартальным и годовым отчетами на итоговом рабочем совещании.;
2;177;2;stimul;2;NULL;NULL;sgdet;plnoun;instr;22;Вячеслав вдохновился моим устным и стендовым докладами в свете актуальных проблем.;
4;178;2;stimul;2;NULL;NULL;sgdet;plnoun;instr;23;Валерий увлекся своим архитектурным и инженерным расчетами для нового строящегося объекта.;
19;179;2;stimul;2;NULL;NULL;sgdet;plnoun;instr;24;Ваня залюбовался этим синим и коричневым костюмами в магазине свадебной одежды.;
1;180;2;stimul;2;NULL;NULL;sgdet;plnoun;instr;25;Кирилл заинтересовался нашим московским и петербургским театрами для выполнения проектной работы.;
3;181;2;stimul;2;NULL;NULL;sgdet;plnoun;instr;26;Захар воодушевился моим детским и подростковым рассказами на конкурсе молодых писателей.;
9;182;2;stimul;2;NULL;NULL;sgdet;plnoun;instr;27;Паша помахал своим напечатанным и нарисованным плакатами перед всеми остальными одноклассниками.;
23;183;2;stimul;2;NULL;NULL;sgdet;plnoun;instr;28;Григорий занялся этим региональным и международным проектами для решения экономических задач.;
7;184;2;stimul;2;NULL;NULL;sgdet;plnoun;instr;29;Виталик распорядился нашим будним и выходным днями для плодотворного совместного досуга.;
2;185;2;stimul;2;NULL;NULL;sgdet;plnoun;instr;30;Женя намылился моим цветочным и медовым гелями после тяжелого рабочего дня.;
4;186;2;stimul;2;NULL;NULL;sgdet;plnoun;instr;31;Анатолий вооружился своим новым и старым измерителями для сравнения полученных показаний.;
47;187;2;stimul;2;NULL;NULL;sgdet;plnoun;instr;32;Родион обзавелся этим российским и иностранным автомобилями для своей большой семьи.;
4;76;2;stimul;1;NULL;NULL;sgdet;sgnoun;instr;1;Вася воспользовался нашим длинным и коротким шлангом для полива собственного сада.;
19;77;2;stimul;1;NULL;NULL;sgdet;sgnoun;instr;2;Сергей возмутился моим индивидуальным и групповым подходом после школьного открытого урока.;
1;78;2;stimul;1;NULL;NULL;sgdet;sgnoun;instr;3;Олег воспользовался своим депозитным и кредитным договором для контроля банковских операций.;
3;79;2;stimul;1;NULL;NULL;sgdet;sgnoun;instr;4;Коля восхитился этим древним и современным экспонатом на выставке европейского искусства.;
9;80;2;stimul;1;NULL;NULL;sgdet;sgnoun;instr;5;Костя поделился нашим простым и сложным рецептом в своем кулинарном блоге. ;
23;81;2;stimul;1;NULL;NULL;sgdet;sgnoun;instr;6;Антон проникся моим практическим и теоретическим методом для проведения учебного семинара.;
7;82;2;stimul;1;NULL;NULL;sgdet;sgnoun;instr;7;Володя отметился своим карандашным и акварельным рисунком на_конкурсе талантливых иллюстраторов.;
2;83;2;stimul;1;NULL;NULL;sgdet;sgnoun;instr;8;Семен овладел этим прямым и боковым ударом на курсах рукопашного боя.;
4;84;2;stimul;1;NULL;NULL;sgdet;sgnoun;instr;9;Федя злоупотребил нашим острым и пряным соусом при готовке жареного мяса.;
19;85;2;stimul;1;NULL;NULL;sgdet;sgnoun;instr;10;Андрей запасся моим аналоговым и цифровым прибором для измерения динамических параметров.;
1;86;2;stimul;1;NULL;NULL;sgdet;sgnoun;instr;11;Петр ограничился своим социальным и политическим лозунгом на недавнем районном митинге.;
3;87;2;stimul;1;NULL;NULL;sgdet;sgnoun;instr;12;Филипп насладился этим горным и равнинным пейзажем за время длительного путешествия.;
9;88;2;stimul;1;NULL;NULL;sgdet;sgnoun;instr;13;Саша объелся нашим фруктовым и овощным салатом на праздничном семейном застолье.;
50;89;2;stimul;1;NULL;NULL;sgdet;sgnoun;instr;14;Дима пренебрег моим белковым и масляным кремом при украшении самодельных пирожных.;
7;90;2;stimul;1;NULL;NULL;sgdet;sgnoun;instr;15;Эдуард прославился своим комедийным и драматическим фильмом на известном международном фестивале.;
2;91;2;stimul;1;NULL;NULL;sgdet;sgnoun;instr;16;Егор обзавелся этим моющим и дезинфицирующим раствором для проведения генеральной уборки.;
4;204;2;stimul;2;NULL;NULL;sgdet;sgnoun;instr;17;Игорь вакцинировался нашим первым и вторым компонентом во избежание заболевания коронавирусом.;
19;205;2;stimul;2;NULL;NULL;sgdet;sgnoun;instr;18;Никита натёрся моим пихтовым и пчелиным бальзамом при лечении больных суставов.;
1;206;2;stimul;2;NULL;NULL;sgdet;sgnoun;instr;19;Глеб порадовал своим устным и письменным ответом на телевизионном интеллектуальном конкурсе.;
3;207;2;stimul;2;NULL;NULL;sgdet;sgnoun;instr;20;Илья перевязался этим марлевым и эластичным бинтом для фиксации поврежденной руки.;
9;208;2;stimul;2;NULL;NULL;sgdet;sgnoun;instr;21;Алексей оперировал нашим квартальным и годовым отчетом на итоговом рабочем совещании.;
23;209;2;stimul;2;NULL;NULL;sgdet;sgnoun;instr;22;Вячеслав вдохновился моим устным и стендовым докладом в свете актуальных проблем.;
7;210;2;stimul;2;NULL;NULL;sgdet;sgnoun;instr;23;Валерий увлекся своим архитектурным и инженерным расчетом для нового строящегося объекта.;
2;211;2;stimul;2;NULL;NULL;sgdet;sgnoun;instr;24;Ваня залюбовался этим синим и коричневым костюмом в магазине свадебной одежды.;
4;212;2;stimul;2;NULL;NULL;sgdet;sgnoun;instr;25;Кирилл заинтересовался нашим московским и петербургским театром для выполнения проектной работы.;
19;213;2;stimul;2;NULL;NULL;sgdet;sgnoun;instr;26;Захар воодушевился моим детским и подростковым рассказом на конкурсе молодых писателей.;
1;214;2;stimul;2;NULL;NULL;sgdet;sgnoun;instr;27;Паша помахал своим напечатанным и нарисованным плакатом перед всеми остальными одноклассниками.;
3;215;2;stimul;2;NULL;NULL;sgdet;sgnoun;instr;28;Григорий занялся этим региональным и международным проектом для решения экономических задач.;
9;216;2;stimul;2;NULL;NULL;sgdet;sgnoun;instr;29;Виталик распорядился нашим будним и выходным днем для плодотворного совместного досуга.;
23;217;2;stimul;2;NULL;NULL;sgdet;sgnoun;instr;30;Женя намылился моим цветочным и медовым гелем после тяжелого рабочего дня.;
7;218;2;stimul;2;NULL;NULL;sgdet;sgnoun;instr;31;Анатолий вооружился своим новым и старым измерителем для сравнения полученных показаний.;
24;219;2;stimul;2;NULL;NULL;sgdet;sgnoun;instr;32;Родион обзавелся этим российским и иностранным автомобилем для своей большой семьи.;
1;270;2;filler;1;bad;loc;NULL;NULL;NULL;NULL;Виктор рассказал о важных теоретических результате на факультетском научном собрании.;
1;271;2;filler;1;bad;dat;NULL;NULL;NULL;NULL;Алина предалась романтическим мечтах и размышлениях на скамейке городского парка.;
1;274;2;filler;1;bad;loc;NULL;NULL;NULL;NULL;Лиза заперлась в самых дальних комнате после неприятной семейной ссоры.;
1;275;2;filler;1;bad;dat;NULL;NULL;NULL;NULL;Тимур поддался многочисленным просьбах и убеждениях насчёт программы планируемого мероприятия.;
1;278;2;filler;1;bad;loc;NULL;NULL;NULL;NULL;Максим доложил об обнаруженных технических проблеме на обсуждении текущих сложностей.;
1;279;2;filler;1;bad;dat;NULL;NULL;NULL;NULL;Света научилась старинным манерах и традициях на стилизованном историческом балу.;
1;282;2;filler;1;bad;loc;NULL;NULL;NULL;NULL;Наталья расположилась в своих просторных кабинете после долгого плодотворного совещания.;
1;283;2;filler;1;bad;dat;NULL;NULL;NULL;NULL;Ростислав посодействовал воодушевляющим целях и стремлениях на форуме молодых учёных.;
1;286;2;filler;2;bad;loc;NULL;NULL;NULL;NULL;Аркадий оказался в государственных налоговых службе после окончания финансового университета.;
1;287;2;filler;2;bad;dat;NULL;NULL;NULL;NULL;Даша позавидовала чужим наградах и успехах на конкурсе творческих талантов.;
1;290;2;filler;2;bad;loc;NULL;NULL;NULL;NULL;Лена сосредоточилась на знакомых идиллических картине на выставке классической живописи.;
1;291;2;filler;2;bad;dat;NULL;NULL;NULL;NULL;Тихон помешал запланированным расчётах и построениях на строящемся спортивном объекте.;
1;294;2;filler;2;bad;loc;NULL;NULL;NULL;NULL;Леонид поучаствовал в городских марафонских забеге в начале прошлого лета.;
1;295;2;filler;2;bad;dat;NULL;NULL;NULL;NULL;Маша удивилась ребяческим словах и поступках в фильме советского режиссёра.;
1;298;2;filler;2;bad;loc;NULL;NULL;NULL;NULL;Лариса победила в международных музыкальных конкурсе в конце этой зимы.;
1;299;2;filler;2;bad;dat;NULL;NULL;NULL;NULL;Влад удовлетворил предъявленным требованиях и стандартах для получения водительского удостоверения.;
1;269;2;filler;1;good;dat;NULL;NULL;NULL;NULL;Эвелина сообщила передовым газетам и телеканалам о дате торжественного бракосочетания.;
1;272;2;filler;1;good;loc;NULL;NULL;NULL;NULL;Сережа вспомнил о недавнем новогоднем празднике в школьном актовом зале.;
1;273;2;filler;1;good;dat;NULL;NULL;NULL;NULL;Альберт поспособствовал юношеским начинаниям и увлечениям путем перечисления значительных вложений.;
1;276;2;filler;1;good;loc;NULL;NULL;NULL;NULL;Ирина подумала о тревожном утреннем звонке из школы младшего сына.;
1;277;2;filler;1;good;dat;NULL;NULL;NULL;NULL;София воспрепятствовала современным технологиям и инновациям в классической гуманитарной гимназии.;
1;280;2;filler;1;good;loc;NULL;NULL;NULL;NULL;Илья заговорил о последнем трагичном событии с раненым пострадавшим человеком.;
1;281;2;filler;1;good;dat;NULL;NULL;NULL;NULL;Степа последовал мудрым советам и наставлениям после первого психологического тренинга.;
1;284;2;filler;1;good;loc;NULL;NULL;NULL;NULL;Галя сыграла на классической семиструнной гитаре для своих близких друзей.;
1;285;2;filler;2;good;dat;NULL;NULL;NULL;NULL;Катя уступила настойчивым мольбам и уговорам о покупке игрушечного автомобиля.;
1;288;2;filler;2;good;loc;NULL;NULL;NULL;NULL;Даниил отработал на закрытом металлургическом заводе до наступления заслуженной пенсии.;
1;289;2;filler;2;good;dat;NULL;NULL;NULL;NULL;Станислав посвятил его внутриполитическим достижениям и проблемам для решения накопленных вопросов.;
1;292;2;filler;2;good;loc;NULL;NULL;NULL;NULL;Вера поехала на своём горном велосипеде в долгожданный летний поход.;
1;293;2;filler;2;good;dat;NULL;NULL;NULL;NULL;Тамара подарила их городским школам и садам для воспитания подрастающего поколения.;
1;296;2;filler;2;good;loc;NULL;NULL;NULL;NULL;Валентин упал на скользком бетонном полу при исполнении сложного вращения.;
1;297;2;filler;2;good;dat;NULL;NULL;NULL;NULL;Тимофей помог местным инженерам и рабочим в минуту экономического кризиса.;
1;300;2;filler;2;good;loc;NULL;NULL;NULL;NULL;Люба побывала в знаменитом московском цирке в компании наших родственников.;
